function out = cubemodel(  )
out = ...
[-50 -50  50  50 -50 -50  50  50;...   %X
  50 -50 -50  50  50 -50 -50  50;...   %Y
   0   0   0   0 -100 -100 -100 -100]; %Z should be negative
end

