function out = eggmodel()
out = ...
  [0.005141 -0.030128 -0.001023
  0.009491 -0.028399 -0.001888
  0.013123 -0.025559 -0.002610
  0.016350 -0.021736 -0.003252
  0.018767 -0.017078 -0.003733
  0.020322 -0.011764 -0.004042
  0.020959 -0.005997 -0.004169
  0.020786 0.000000 -0.004135
  0.019763 0.005997 -0.003931
  0.018220 0.011764 -0.003624
  0.016188 0.017078 -0.003220
  0.013664 0.021736 -0.002718
  0.010468 0.025559 -0.002082
  0.007121 0.028399 -0.001416
  0.003647 0.030128 -0.000725
  0.003435 0.030128 -0.001423
  0.006708 0.028399 -0.002779
  0.009861 0.025559 -0.004084
  0.012871 0.021736 -0.005331
  0.015248 0.017078 -0.006316
  0.017163 0.011764 -0.007109
  0.018617 0.005997 -0.007711
  0.019580 0.000000 -0.008110
  0.019743 -0.005997 -0.008178
  0.019143 -0.011764 -0.007929
  0.017678 -0.017078 -0.007323
  0.015401 -0.021736 -0.006379
  0.012361 -0.025559 -0.005120
  0.008940 -0.028399 -0.003703
  0.004842 -0.030128 -0.002006
  0.004358 -0.030128 -0.002912
  0.008046 -0.028399 -0.005376
  0.011125 -0.025559 -0.007434
  0.013861 -0.021736 -0.009262
  0.015910 -0.017078 -0.010631
  0.017229 -0.011764 -0.011512
  0.017768 -0.005997 -0.011872
  0.017621 0.000000 -0.011774
  0.016754 0.005997 -0.011195
  0.015446 0.011764 -0.010321
  0.013723 0.017078 -0.009169
  0.011584 0.021736 -0.007740
  0.008874 0.025559 -0.005930
  0.006037 0.028399 -0.004034
  0.003091 0.030128 -0.002066
  0.002629 0.030128 -0.002629
  0.005134 0.028399 -0.005134
  0.007547 0.025559 -0.007547
  0.009851 0.021736 -0.009851
  0.011671 0.017078 -0.011671
  0.013136 0.011764 -0.013136
  0.014248 0.005997 -0.014248
  0.014986 0.000000 -0.014986
  0.015110 -0.005997 -0.015110
  0.014652 -0.011764 -0.014652
  0.013530 -0.017078 -0.013530
  0.011788 -0.021736 -0.011788
  0.009461 -0.025559 -0.009461
  0.006843 -0.028399 -0.006843
  0.003706 -0.030128 -0.003706
  0.002912 -0.030128 -0.004358
  0.005376 -0.028399 -0.008046
  0.007434 -0.025559 -0.011125
  0.009262 -0.021736 -0.013861
  0.010631 -0.017078 -0.015910
  0.011512 -0.011764 -0.017229
  0.011872 -0.005997 -0.017768
  0.011774 0.000000 -0.017621
  0.011195 0.005997 -0.016754
  0.010321 0.011764 -0.015446
  0.009169 0.017078 -0.013723
  0.007740 0.021736 -0.011584
  0.005930 0.025559 -0.008874
  0.004034 0.028399 -0.006037
  0.002066 0.030128 -0.003091
  0.001423 0.030128 -0.003435
  0.002779 0.028399 -0.006708
  0.004084 0.025559 -0.009861
  0.005331 0.021736 -0.012871
  0.006316 0.017078 -0.015248
  0.007109 0.011764 -0.017163
  0.007711 0.005997 -0.018617
  0.008110 0.000000 -0.019580
  0.008178 -0.005997 -0.019743
  0.007929 -0.011764 -0.019143
  0.007323 -0.017078 -0.017678
  0.006379 -0.021736 -0.015401
  0.005120 -0.025559 -0.012361
  0.003703 -0.028399 -0.008940
  0.002006 -0.030128 -0.004842
  0.000000 -0.030533 -0.000000
  0.001023 -0.030128 -0.005141
  0.001888 -0.028399 -0.009491
  0.002610 -0.025559 -0.013123
  0.003252 -0.021736 -0.016350
  0.003733 -0.017078 -0.018767
  0.004042 -0.011764 -0.020322
  0.004169 -0.005997 -0.020959
  0.004135 0.000000 -0.020786
  0.003931 0.005997 -0.019763
  0.003624 0.011764 -0.018220
  0.003220 0.017078 -0.016188
  0.002718 0.021736 -0.013664
  0.002082 0.025559 -0.010468
  0.001416 0.028399 -0.007121
  0.000725 0.030128 -0.003647
  0.000000 0.030128 -0.003718
  0.000000 0.028399 -0.007261
  0.000000 0.025559 -0.010673
  0.000000 0.021736 -0.013932
  0.000000 0.017078 -0.016505
  0.000000 0.011764 -0.018577
  0.000000 0.005997 -0.020150
  0.000000 0.000000 -0.021193
  0.000000 -0.005997 -0.021369
  0.000000 -0.011764 -0.020721
  0.000000 -0.017078 -0.019135
  0.000000 -0.021736 -0.016670
  0.000000 -0.025559 -0.013380
  0.000000 -0.028399 -0.009677
  0.000000 -0.030128 -0.005241
  -0.001023 -0.030128 -0.005141
  -0.001888 -0.028399 -0.009491
  -0.002610 -0.025559 -0.013123
  -0.003252 -0.021736 -0.016350
  -0.003733 -0.017078 -0.018767
  -0.004042 -0.011764 -0.020322
  -0.004169 -0.005997 -0.020959
  -0.004135 0.000000 -0.020786
  -0.003931 0.005997 -0.019763
  -0.003624 0.011764 -0.018220
  -0.003220 0.017078 -0.016188
  -0.002718 0.021736 -0.013664
  -0.002082 0.025559 -0.010468
  -0.001416 0.028399 -0.007121
  -0.000725 0.030128 -0.003647
  -0.001423 0.030128 -0.003435
  -0.002778 0.028399 -0.006708
  -0.004084 0.025559 -0.009861
  -0.005331 0.021736 -0.012871
  -0.006316 0.017078 -0.015248
  -0.007109 0.011764 -0.017163
  -0.007711 0.005997 -0.018617
  -0.008110 0.000000 -0.019580
  -0.008178 -0.005997 -0.019743
  -0.007929 -0.011764 -0.019143
  -0.007323 -0.017078 -0.017678
  -0.006379 -0.021736 -0.015401
  -0.005120 -0.025559 -0.012361
  -0.003703 -0.028399 -0.008940
  -0.002006 -0.030128 -0.004842
  -0.002912 -0.030128 -0.004358
  -0.005376 -0.028399 -0.008046
  -0.007434 -0.025559 -0.011125
  -0.009261 -0.021736 -0.013861
  -0.010631 -0.017078 -0.015910
  -0.011512 -0.011764 -0.017229
  -0.011872 -0.005997 -0.017768
  -0.011774 0.000000 -0.017621
  -0.011195 0.005997 -0.016754
  -0.010321 0.011764 -0.015446
  -0.009169 0.017078 -0.013723
  -0.007740 0.021736 -0.011584
  -0.005930 0.025559 -0.008874
  -0.004034 0.028399 -0.006037
  -0.002066 0.030128 -0.003091
  -0.002629 0.030128 -0.002629
  -0.005134 0.028399 -0.005134
  -0.007547 0.025559 -0.007547
  -0.009851 0.021736 -0.009851
  -0.011671 0.017078 -0.011671
  -0.013136 0.011764 -0.013136
  -0.014248 0.005997 -0.014248
  -0.014986 0.000000 -0.014986
  -0.015110 -0.005997 -0.015110
  -0.014652 -0.011764 -0.014652
  -0.013530 -0.017078 -0.013530
  -0.011788 -0.021736 -0.011788
  -0.009461 -0.025559 -0.009461
  -0.006843 -0.028399 -0.006843
  -0.003706 -0.030128 -0.003706
  -0.004358 -0.030128 -0.002912
  -0.008046 -0.028399 -0.005376
  -0.011125 -0.025559 -0.007434
  -0.013861 -0.021736 -0.009261
  -0.015910 -0.017078 -0.010631
  -0.017229 -0.011764 -0.011512
  -0.017768 -0.005997 -0.011872
  -0.017621 0.000000 -0.011774
  -0.016754 0.005997 -0.011195
  -0.015446 0.011764 -0.010321
  -0.013723 0.017078 -0.009169
  -0.011584 0.021736 -0.007740
  -0.008874 0.025559 -0.005930
  -0.006037 0.028399 -0.004034
  -0.003091 0.030128 -0.002066
  -0.003435 0.030128 -0.001423
  -0.006708 0.028399 -0.002779
  -0.009861 0.025559 -0.004084
  -0.012871 0.021736 -0.005331
  -0.015248 0.017078 -0.006316
  -0.017163 0.011764 -0.007109
  -0.018616 0.005997 -0.007711
  -0.019580 0.000000 -0.008110
  -0.019743 -0.005997 -0.008178
  -0.019143 -0.011764 -0.007929
  -0.017678 -0.017078 -0.007323
  -0.015401 -0.021736 -0.006379
  -0.012361 -0.025559 -0.005120
  -0.008940 -0.028399 -0.003703
  -0.004842 -0.030128 -0.002006
  -0.005141 -0.030128 -0.001023
  -0.009491 -0.028399 -0.001888
  -0.013123 -0.025559 -0.002610
  -0.016350 -0.021736 -0.003252
  -0.018767 -0.017078 -0.003733
  -0.020322 -0.011764 -0.004042
  -0.020959 -0.005997 -0.004169
  -0.020786 0.000000 -0.004135
  -0.019763 0.005997 -0.003931
  -0.018220 0.011764 -0.003624
  -0.016187 0.017078 -0.003220
  -0.013664 0.021736 -0.002718
  -0.010468 0.025559 -0.002082
  -0.007121 0.028399 -0.001416
  -0.003647 0.030128 -0.000725
  -0.003718 0.030128 -0.000000
  -0.007261 0.028399 -0.000000
  -0.010673 0.025559 -0.000000
  -0.013932 0.021736 -0.000000
  -0.016505 0.017078 -0.000000
  -0.018577 0.011764 -0.000000
  -0.020150 0.005997 -0.000000
  -0.021193 0.000000 -0.000000
  -0.021369 -0.005997 -0.000000
  -0.020721 -0.011764 -0.000000
  -0.019135 -0.017078 -0.000000
  -0.016670 -0.021736 -0.000000
  -0.013380 -0.025559 -0.000000
  -0.009677 -0.028399 -0.000000
  -0.005241 -0.030128 -0.000000
  -0.005141 -0.030128 0.001023
  -0.009491 -0.028399 0.001888
  -0.013123 -0.025559 0.002610
  -0.016350 -0.021736 0.003252
  -0.018767 -0.017078 0.003733
  -0.020322 -0.011764 0.004042
  -0.020959 -0.005997 0.004169
  -0.020786 0.000000 0.004135
  -0.019763 0.005997 0.003931
  -0.018220 0.011764 0.003624
  -0.016187 0.017078 0.003220
  -0.013664 0.021736 0.002718
  -0.010468 0.025559 0.002082
  -0.007121 0.028399 0.001416
  -0.003647 0.030128 0.000725
  -0.003435 0.030128 0.001423
